Номер вычисления         Число n               Алгоритм         Результат вычисления         Время выполнения алгоритмa
0			   500			   Клавиатура			   2			   0.0
1			   499			   Клавиатура			   3			   0.0
2			   498			   Клавиатура			   5			   0.0
3			   497			   Клавиатура			   8			   0.0
4			   496			   Клавиатура			   13			   0.0
5			   495			   Клавиатура			   21			   0.0
6			   494			   Клавиатура			   34			   0.0
7			   493			   Клавиатура			   55			   0.0
8			   492			   Клавиатура			   89			   0.0
9			   491			   Клавиатура			   144			   0.0
10			   490			   Клавиатура			   233			   0.0
11			   489			   Клавиатура			   377			   0.0
12			   488			   Клавиатура			   610			   0.0
13			   487			   Клавиатура			   987			   0.0
14			   486			   Клавиатура			   1597			   0.0
15			   485			   Клавиатура			   2584			   0.0
16			   484			   Клавиатура			   4181			   0.0
17			   483			   Клавиатура			   6765			   0.0
18			   482			   Клавиатура			   10946			   0.0
19			   481			   Клавиатура			   17711			   0.0
20			   480			   Клавиатура			   28657			   0.0
21			   479			   Клавиатура			   46368			   0.0
22			   478			   Клавиатура			   75025			   0.0
23			   477			   Клавиатура			   121393			   0.0
24			   476			   Клавиатура			   196418			   0.0
25			   475			   Клавиатура			   317811			   0.0
26			   474			   Клавиатура			   514229			   0.0
27			   473			   Клавиатура			   832040			   0.0
28			   472			   Клавиатура			   1346269			   0.0
29			   471			   Клавиатура			   2178309			   0.0
30			   470			   Клавиатура			   3524578			   0.0
31			   469			   Клавиатура			   5702887			   0.0
32			   468			   Клавиатура			   9227465			   0.0
33			   467			   Клавиатура			   14930352			   0.0
34			   466			   Клавиатура			   24157817			   0.0
35			   465			   Клавиатура			   39088169			   0.0
36			   464			   Клавиатура			   63245986			   0.0
37			   463			   Клавиатура			   102334155			   0.0
38			   462			   Клавиатура			   165580141			   0.0
39			   461			   Клавиатура			   267914296			   0.0
40			   460			   Клавиатура			   433494437			   0.0
41			   459			   Клавиатура			   701408733			   0.0
42			   458			   Клавиатура			   1134903170			   0.0
43			   457			   Клавиатура			   1836311903			   0.0
44			   456			   Клавиатура			   2971215073			   0.0
45			   455			   Клавиатура			   4807526976			   0.0
46			   454			   Клавиатура			   7778742049			   0.0
47			   453			   Клавиатура			   12586269025			   0.0
48			   452			   Клавиатура			   20365011074			   0.0
49			   451			   Клавиатура			   32951280099			   0.0
50			   450			   Клавиатура			   53316291173			   0.0
51			   449			   Клавиатура			   86267571272			   0.0
52			   448			   Клавиатура			   139583862445			   0.0
53			   447			   Клавиатура			   225851433717			   0.0
54			   446			   Клавиатура			   365435296162			   0.0
55			   445			   Клавиатура			   591286729879			   0.0
56			   444			   Клавиатура			   956722026041			   0.0
57			   443			   Клавиатура			   1548008755920			   0.0
58			   442			   Клавиатура			   2504730781961			   0.0
59			   441			   Клавиатура			   4052739537881			   0.0
60			   440			   Клавиатура			   6557470319842			   0.0
61			   439			   Клавиатура			   10610209857723			   0.0
62			   438			   Клавиатура			   17167680177565			   0.0
63			   437			   Клавиатура			   27777890035288			   0.0
64			   436			   Клавиатура			   44945570212853			   0.0
65			   435			   Клавиатура			   72723460248141			   0.0
66			   434			   Клавиатура			   117669030460994			   0.0
67			   433			   Клавиатура			   190392490709135			   0.0
68			   432			   Клавиатура			   308061521170129			   0.0
69			   431			   Клавиатура			   498454011879264			   0.0
70			   430			   Клавиатура			   806515533049393			   0.0
71			   429			   Клавиатура			   1304969544928657			   0.0
72			   428			   Клавиатура			   2111485077978050			   0.0
73			   427			   Клавиатура			   3416454622906707			   0.0
74			   426			   Клавиатура			   5527939700884757			   0.0
75			   425			   Клавиатура			   8944394323791464			   0.0
76			   424			   Клавиатура			   14472334024676221			   0.0
77			   423			   Клавиатура			   23416728348467685			   0.0
78			   422			   Клавиатура			   37889062373143906			   0.0
79			   421			   Клавиатура			   61305790721611591			   0.0
80			   420			   Клавиатура			   99194853094755497			   0.0
81			   419			   Клавиатура			   160500643816367088			   0.0
82			   418			   Клавиатура			   259695496911122585			   0.0
83			   417			   Клавиатура			   420196140727489673			   0.0
84			   416			   Клавиатура			   679891637638612258			   0.0
85			   415			   Клавиатура			   1100087778366101931			   0.0
86			   414			   Клавиатура			   1779979416004714189			   0.0
87			   413			   Клавиатура			   2880067194370816120			   0.0
88			   412			   Клавиатура			   4660046610375530309			   0.0
89			   411			   Клавиатура			   7540113804746346429			   0.0
90			   410			   Клавиатура			   12200160415121876738			   0.0
91			   409			   Клавиатура			   19740274219868223167			   0.0
92			   408			   Клавиатура			   31940434634990099905			   0.0
93			   407			   Клавиатура			   51680708854858323072			   0.0
94			   406			   Клавиатура			   83621143489848422977			   0.0
95			   405			   Клавиатура			   135301852344706746049			   0.0
96			   404			   Клавиатура			   218922995834555169026			   0.0
97			   403			   Клавиатура			   354224848179261915075			   0.0
98			   402			   Клавиатура			   573147844013817084101			   0.0
99			   401			   Клавиатура			   927372692193078999176			   0.0
100			   400			   Клавиатура			   1500520536206896083277			   0.0
101			   399			   Клавиатура			   2427893228399975082453			   0.0
102			   398			   Клавиатура			   3928413764606871165730			   0.0
103			   397			   Клавиатура			   6356306993006846248183			   0.0
104			   396			   Клавиатура			   10284720757613717413913			   0.0
105			   395			   Клавиатура			   16641027750620563662096			   0.0
106			   394			   Клавиатура			   26925748508234281076009			   0.0
107			   393			   Клавиатура			   43566776258854844738105			   0.0
108			   392			   Клавиатура			   70492524767089125814114			   0.0
109			   391			   Клавиатура			   114059301025943970552219			   0.0
110			   390			   Клавиатура			   184551825793033096366333			   0.0
111			   389			   Клавиатура			   298611126818977066918552			   0.0
112			   388			   Клавиатура			   483162952612010163284885			   0.0
113			   387			   Клавиатура			   781774079430987230203437			   0.0
114			   386			   Клавиатура			   1264937032042997393488322			   0.0
115			   385			   Клавиатура			   2046711111473984623691759			   0.0
116			   384			   Клавиатура			   3311648143516982017180081			   0.0
117			   383			   Клавиатура			   5358359254990966640871840			   0.0
118			   382			   Клавиатура			   8670007398507948658051921			   0.0
119			   381			   Клавиатура			   14028366653498915298923761			   0.0
120			   380			   Клавиатура			   22698374052006863956975682			   0.0
121			   379			   Клавиатура			   36726740705505779255899443			   0.0
122			   378			   Клавиатура			   59425114757512643212875125			   0.0
123			   377			   Клавиатура			   96151855463018422468774568			   0.0
124			   376			   Клавиатура			   155576970220531065681649693			   0.0
125			   375			   Клавиатура			   251728825683549488150424261			   0.0
126			   374			   Клавиатура			   407305795904080553832073954			   0.0
127			   373			   Клавиатура			   659034621587630041982498215			   0.0
128			   372			   Клавиатура			   1066340417491710595814572169			   0.0
129			   371			   Клавиатура			   1725375039079340637797070384			   0.0
130			   370			   Клавиатура			   2791715456571051233611642553			   0.0
131			   369			   Клавиатура			   4517090495650391871408712937			   0.0
132			   368			   Клавиатура			   7308805952221443105020355490			   0.0
133			   367			   Клавиатура			   11825896447871834976429068427			   0.0
134			   366			   Клавиатура			   19134702400093278081449423917			   0.0
135			   365			   Клавиатура			   30960598847965113057878492344			   0.0
136			   364			   Клавиатура			   50095301248058391139327916261			   0.0
137			   363			   Клавиатура			   81055900096023504197206408605			   0.0
138			   362			   Клавиатура			   131151201344081895336534324866			   0.0
139			   361			   Клавиатура			   212207101440105399533740733471			   0.0
140			   360			   Клавиатура			   343358302784187294870275058337			   0.0
141			   359			   Клавиатура			   555565404224292694404015791808			   0.0
142			   358			   Клавиатура			   898923707008479989274290850145			   0.0
143			   357			   Клавиатура			   1454489111232772683678306641953			   0.0
144			   356			   Клавиатура			   2353412818241252672952597492098			   0.0
145			   355			   Клавиатура			   3807901929474025356630904134051			   0.0
146			   354			   Клавиатура			   6161314747715278029583501626149			   0.0
147			   353			   Клавиатура			   9969216677189303386214405760200			   0.0
148			   352			   Клавиатура			   16130531424904581415797907386349			   0.0
149			   351			   Клавиатура			   26099748102093884802012313146549			   0.0
150			   350			   Клавиатура			   42230279526998466217810220532898			   0.0
151			   349			   Клавиатура			   68330027629092351019822533679447			   0.0
152			   348			   Клавиатура			   110560307156090817237632754212345			   0.0
153			   347			   Клавиатура			   178890334785183168257455287891792			   0.0
154			   346			   Клавиатура			   289450641941273985495088042104137			   0.0
155			   345			   Клавиатура			   468340976726457153752543329995929			   0.0
156			   344			   Клавиатура			   757791618667731139247631372100066			   0.0
157			   343			   Клавиатура			   1226132595394188293000174702095995			   0.0
158			   342			   Клавиатура			   1983924214061919432247806074196061			   0.0
159			   341			   Клавиатура			   3210056809456107725247980776292056			   0.0
160			   340			   Клавиатура			   5193981023518027157495786850488117			   0.0
161			   339			   Клавиатура			   8404037832974134882743767626780173			   0.0
162			   338			   Клавиатура			   13598018856492162040239554477268290			   0.0
163			   337			   Клавиатура			   22002056689466296922983322104048463			   0.0
164			   336			   Клавиатура			   35600075545958458963222876581316753			   0.0
165			   335			   Клавиатура			   57602132235424755886206198685365216			   0.0
166			   334			   Клавиатура			   93202207781383214849429075266681969			   0.0
167			   333			   Клавиатура			   150804340016807970735635273952047185			   0.0
168			   332			   Клавиатура			   244006547798191185585064349218729154			   0.0
169			   331			   Клавиатура			   394810887814999156320699623170776339			   0.0
170			   330			   Клавиатура			   638817435613190341905763972389505493			   0.0
171			   329			   Клавиатура			   1033628323428189498226463595560281832			   0.0
172			   328			   Клавиатура			   1672445759041379840132227567949787325			   0.0
173			   327			   Клавиатура			   2706074082469569338358691163510069157			   0.0
174			   326			   Клавиатура			   4378519841510949178490918731459856482			   0.0
175			   325			   Клавиатура			   7084593923980518516849609894969925639			   0.0
176			   324			   Клавиатура			   11463113765491467695340528626429782121			   0.0
177			   323			   Клавиатура			   18547707689471986212190138521399707760			   0.0
178			   322			   Клавиатура			   30010821454963453907530667147829489881			   0.0
179			   321			   Клавиатура			   48558529144435440119720805669229197641			   0.0
180			   320			   Клавиатура			   78569350599398894027251472817058687522			   0.0
181			   319			   Клавиатура			   127127879743834334146972278486287885163			   0.0
182			   318			   Клавиатура			   205697230343233228174223751303346572685			   0.0
183			   317			   Клавиатура			   332825110087067562321196029789634457848			   0.0
184			   316			   Клавиатура			   538522340430300790495419781092981030533			   0.0
185			   315			   Клавиатура			   871347450517368352816615810882615488381			   0.0
186			   314			   Клавиатура			   1409869790947669143312035591975596518914			   0.0
187			   313			   Клавиатура			   2281217241465037496128651402858212007295			   0.0
188			   312			   Клавиатура			   3691087032412706639440686994833808526209			   0.0
189			   311			   Клавиатура			   5972304273877744135569338397692020533504			   0.0
190			   310			   Клавиатура			   9663391306290450775010025392525829059713			   0.0
191			   309			   Клавиатура			   15635695580168194910579363790217849593217			   0.0
192			   308			   Клавиатура			   25299086886458645685589389182743678652930			   0.0
193			   307			   Клавиатура			   40934782466626840596168752972961528246147			   0.0
194			   306			   Клавиатура			   66233869353085486281758142155705206899077			   0.0
195			   305			   Клавиатура			   107168651819712326877926895128666735145224			   0.0
196			   304			   Клавиатура			   173402521172797813159685037284371942044301			   0.0
197			   303			   Клавиатура			   280571172992510140037611932413038677189525			   0.0
198			   302			   Клавиатура			   453973694165307953197296969697410619233826			   0.0
199			   301			   Клавиатура			   734544867157818093234908902110449296423351			   0.0
200			   300			   Клавиатура			   1188518561323126046432205871807859915657177			   0.0
201			   299			   Клавиатура			   1923063428480944139667114773918309212080528			   0.0
202			   298			   Клавиатура			   3111581989804070186099320645726169127737705			   0.0
203			   297			   Клавиатура			   5034645418285014325766435419644478339818233			   0.0
204			   296			   Клавиатура			   8146227408089084511865756065370647467555938			   0.0
205			   295			   Клавиатура			   13180872826374098837632191485015125807374171			   0.0
206			   294			   Клавиатура			   21327100234463183349497947550385773274930109			   0.0
207			   293			   Клавиатура			   34507973060837282187130139035400899082304280			   0.0
208			   292			   Клавиатура			   55835073295300465536628086585786672357234389			   0.0
209			   291			   Клавиатура			   90343046356137747723758225621187571439538669			   0.0
210			   290			   Клавиатура			   146178119651438213260386312206974243796773058			   0.0
211			   289			   Клавиатура			   236521166007575960984144537828161815236311727			   0.0
212			   288			   Клавиатура			   382699285659014174244530850035136059033084785			   0.0
213			   287			   Клавиатура			   619220451666590135228675387863297874269396512			   0.0
214			   286			   Клавиатура			   1001919737325604309473206237898433933302481297			   0.0
215			   285			   Клавиатура			   1621140188992194444701881625761731807571877809			   0.0
216			   284			   Клавиатура			   2623059926317798754175087863660165740874359106			   0.0
217			   283			   Клавиатура			   4244200115309993198876969489421897548446236915			   0.0
218			   282			   Клавиатура			   6867260041627791953052057353082063289320596021			   0.0
219			   281			   Клавиатура			   11111460156937785151929026842503960837766832936			   0.0
220			   280			   Клавиатура			   17978720198565577104981084195586024127087428957			   0.0
221			   279			   Клавиатура			   29090180355503362256910111038089984964854261893			   0.0
222			   278			   Клавиатура			   47068900554068939361891195233676009091941690850			   0.0
223			   277			   Клавиатура			   76159080909572301618801306271765994056795952743			   0.0
224			   276			   Клавиатура			   123227981463641240980692501505442003148737643593			   0.0
225			   275			   Клавиатура			   199387062373213542599493807777207997205533596336			   0.0
226			   274			   Клавиатура			   322615043836854783580186309282650000354271239929			   0.0
227			   273			   Клавиатура			   522002106210068326179680117059857997559804836265			   0.0
228			   272			   Клавиатура			   844617150046923109759866426342507997914076076194			   0.0
229			   271			   Клавиатура			   1366619256256991435939546543402365995473880912459			   0.0
230			   270			   Клавиатура			   2211236406303914545699412969744873993387956988653			   0.0
231			   269			   Клавиатура			   3577855662560905981638959513147239988861837901112			   0.0
232			   268			   Клавиатура			   5789092068864820527338372482892113982249794889765			   0.0
233			   267			   Клавиатура			   9366947731425726508977331996039353971111632790877			   0.0
234			   266			   Клавиатура			   15156039800290547036315704478931467953361427680642			   0.0
235			   265			   Клавиатура			   24522987531716273545293036474970821924473060471519			   0.0
236			   264			   Клавиатура			   39679027332006820581608740953902289877834488152161			   0.0
237			   263			   Клавиатура			   64202014863723094126901777428873111802307548623680			   0.0
238			   262			   Клавиатура			   103881042195729914708510518382775401680142036775841			   0.0
239			   261			   Клавиатура			   168083057059453008835412295811648513482449585399521			   0.0
240			   260			   Клавиатура			   271964099255182923543922814194423915162591622175362			   0.0
241			   259			   Клавиатура			   440047156314635932379335110006072428645041207574883			   0.0
242			   258			   Клавиатура			   712011255569818855923257924200496343807632829750245			   0.0
243			   257			   Клавиатура			   1152058411884454788302593034206568772452674037325128			   0.0
244			   256			   Клавиатура			   1864069667454273644225850958407065116260306867075373			   0.0
245			   255			   Клавиатура			   3016128079338728432528443992613633888712980904400501			   0.0
246			   254			   Клавиатура			   4880197746793002076754294951020699004973287771475874			   0.0
247			   253			   Клавиатура			   7896325826131730509282738943634332893686268675876375			   0.0
248			   252			   Клавиатура			   12776523572924732586037033894655031898659556447352249			   0.0
249			   251			   Клавиатура			   20672849399056463095319772838289364792345825123228624			   0.0
250			   250			   Клавиатура			   33449372971981195681356806732944396691005381570580873			   0.0
251			   249			   Клавиатура			   54122222371037658776676579571233761483351206693809497			   0.0
252			   248			   Клавиатура			   87571595343018854458033386304178158174356588264390370			   0.0
253			   247			   Клавиатура			   141693817714056513234709965875411919657707794958199867			   0.0
254			   246			   Клавиатура			   229265413057075367692743352179590077832064383222590237			   0.0
255			   245			   Клавиатура			   370959230771131880927453318055001997489772178180790104			   0.0
256			   244			   Клавиатура			   600224643828207248620196670234592075321836561403380341			   0.0
257			   243			   Клавиатура			   971183874599339129547649988289594072811608739584170445			   0.0
258			   242			   Клавиатура			   1571408518427546378167846658524186148133445300987550786			   0.0
259			   241			   Клавиатура			   2542592393026885507715496646813780220945054040571721231			   0.0
260			   240			   Клавиатура			   4114000911454431885883343305337966369078499341559272017			   0.0
261			   239			   Клавиатура			   6656593304481317393598839952151746590023553382130993248			   0.0
262			   238			   Клавиатура			   10770594215935749279482183257489712959102052723690265265			   0.0
263			   237			   Клавиатура			   17427187520417066673081023209641459549125606105821258513			   0.0
264			   236			   Клавиатура			   28197781736352815952563206467131172508227658829511523778			   0.0
265			   235			   Клавиатура			   45624969256769882625644229676772632057353264935332782291			   0.0
266			   234			   Клавиатура			   73822750993122698578207436143903804565580923764844306069			   0.0
267			   233			   Клавиатура			   119447720249892581203851665820676436622934188700177088360			   0.0
268			   232			   Клавиатура			   193270471243015279782059101964580241188515112465021394429			   0.0
269			   231			   Клавиатура			   312718191492907860985910767785256677811449301165198482789			   0.0
270			   230			   Клавиатура			   505988662735923140767969869749836918999964413630219877218			   0.0
271			   229			   Клавиатура			   818706854228831001753880637535093596811413714795418360007			   0.0
272			   228			   Клавиатура			   1324695516964754142521850507284930515811378128425638237225			   0.0
273			   227			   Клавиатура			   2143402371193585144275731144820024112622791843221056597232			   0.0
274			   226			   Клавиатура			   3468097888158339286797581652104954628434169971646694834457			   0.0
275			   225			   Клавиатура			   5611500259351924431073312796924978741056961814867751431689			   0.0
276			   224			   Клавиатура			   9079598147510263717870894449029933369491131786514446266146			   0.0
277			   223			   Клавиатура			   14691098406862188148944207245954912110548093601382197697835			   0.0
278			   222			   Клавиатура			   23770696554372451866815101694984845480039225387896643963981			   0.0
279			   221			   Клавиатура			   38461794961234640015759308940939757590587318989278841661816			   0.0
280			   220			   Клавиатура			   62232491515607091882574410635924603070626544377175485625797			   0.0
281			   219			   Клавиатура			   100694286476841731898333719576864360661213863366454327287613			   0.0
282			   218			   Клавиатура			   162926777992448823780908130212788963731840407743629812913410			   0.0
283			   217			   Клавиатура			   263621064469290555679241849789653324393054271110084140201023			   0.0
284			   216			   Клавиатура			   426547842461739379460149980002442288124894678853713953114433			   0.0
285			   215			   Клавиатура			   690168906931029935139391829792095612517948949963798093315456			   0.0
286			   214			   Клавиатура			   1116716749392769314599541809794537900642843628817512046429889			   0.0
287			   213			   Клавиатура			   1806885656323799249738933639586633513160792578781310139745345			   0.0
288			   212			   Клавиатура			   2923602405716568564338475449381171413803636207598822186175234			   0.0
289			   211			   Клавиатура			   4730488062040367814077409088967804926964428786380132325920579			   0.0
290			   210			   Клавиатура			   7654090467756936378415884538348976340768064993978954512095813			   0.0
291			   209			   Клавиатура			   12384578529797304192493293627316781267732493780359086838016392			   0.0
292			   208			   Клавиатура			   20038668997554240570909178165665757608500558774338041350112205			   0.0
293			   207			   Клавиатура			   32423247527351544763402471792982538876233052554697128188128597			   0.0
294			   206			   Клавиатура			   52461916524905785334311649958648296484733611329035169538240802			   0.0
295			   205			   Клавиатура			   84885164052257330097714121751630835360966663883732297726369399			   0.0
296			   204			   Клавиатура			   137347080577163115432025771710279131845700275212767467264610201			   0.0
297			   203			   Клавиатура			   222232244629420445529739893461909967206666939096499764990979600			   0.0
298			   202			   Клавиатура			   359579325206583560961765665172189099052367214309267232255589801			   0.0
299			   201			   Клавиатура			   581811569836004006491505558634099066259034153405766997246569401			   0.0
300			   200			   Клавиатура			   941390895042587567453271223806288165311401367715034229502159202			   0.0
301			   199			   Клавиатура			   1523202464878591573944776782440387231570435521120801226748728603			   0.0
302			   198			   Клавиатура			   2464593359921179141398048006246675396881836888835835456250887805			   0.0
303			   197			   Клавиатура			   3987795824799770715342824788687062628452272409956636682999616408			   0.0
304			   196			   Клавиатура			   6452389184720949856740872794933738025334109298792472139250504213			   0.0
305			   195			   Клавиатура			   10440185009520720572083697583620800653786381708749108822250120621			   0.0
306			   194			   Клавиатура			   16892574194241670428824570378554538679120491007541580961500624834			   0.0009961128234863281
307			   193			   Клавиатура			   27332759203762391000908267962175339332906872716290689783750745455			   0.0
308			   192			   Клавиатура			   44225333398004061429732838340729878012027363723832270745251370289			   0.0
309			   191			   Клавиатура			   71558092601766452430641106302905217344934236440122960529002115744			   0.0
310			   190			   Клавиатура			   115783425999770513860373944643635095356961600163955231274253486033			   0.0
311			   189			   Клавиатура			   187341518601536966291015050946540312701895836604078191803255601777			   0.0
312			   188			   Клавиатура			   303124944601307480151388995590175408058857436768033423077509087810			   0.0
313			   187			   Клавиатура			   490466463202844446442404046536715720760753273372111614880764689587			   0.0
314			   186			   Клавиатура			   793591407804151926593793042126891128819610710140145037958273777397			   0.0
315			   185			   Клавиатура			   1284057871006996373036197088663606849580363983512256652839038466984			   0.0
316			   184			   Клавиатура			   2077649278811148299629990130790497978399974693652401690797312244381			   0.0
317			   183			   Клавиатура			   3361707149818144672666187219454104827980338677164658343636350711365			   0.0
318			   182			   Клавиатура			   5439356428629292972296177350244602806380313370817060034433662955746			   0.0
319			   181			   Клавиатура			   8801063578447437644962364569698707634360652047981718378070013667111			   0.0
320			   180			   Клавиатура			   14240420007076730617258541919943310440740965418798778412503676622857			   0.0
321			   179			   Клавиатура			   23041483585524168262220906489642018075101617466780496790573690289968			   0.0
322			   178			   Клавиатура			   37281903592600898879479448409585328515842582885579275203077366912825			   0.0
323			   177			   Клавиатура			   60323387178125067141700354899227346590944200352359771993651057202793			   0.0
324			   176			   Клавиатура			   97605290770725966021179803308812675106786783237939047196728424115618			   0.0
325			   175			   Клавиатура			   157928677948851033162880158208040021697730983590298819190379481318411			   0.0
326			   174			   Клавиатура			   255533968719576999184059961516852696804517766828237866387107905434029			   0.0
327			   173			   Клавиатура			   413462646668428032346940119724892718502248750418536685577487386752440			   0.0
328			   172			   Клавиатура			   668996615388005031531000081241745415306766517246774551964595292186469			   0.0
329			   171			   Клавиатура			   1082459262056433063877940200966638133809015267665311237542082678938909			   0.0
330			   170			   Клавиатура			   1751455877444438095408940282208383549115781784912085789506677971125378			   0.0
331			   169			   Клавиатура			   2833915139500871159286880483175021682924797052577397027048760650064287			   0.0
332			   168			   Клавиатура			   4585371016945309254695820765383405232040578837489482816555438621189665			   0.0
333			   167			   Клавиатура			   7419286156446180413982701248558426914965375890066879843604199271253952			   0.0
334			   166			   Клавиатура			   12004657173391489668678522013941832147005954727556362660159637892443617			   0.0
335			   165			   Клавиатура			   19423943329837670082661223262500259061971330617623242503763837163697569			   0.0
336			   164			   Клавиатура			   31428600503229159751339745276442091208977285345179605163923475056141186			   0.0
337			   163			   Клавиатура			   50852543833066829834000968538942350270948615962802847667687312219838755			   0.0
338			   162			   Клавиатура			   82281144336295989585340713815384441479925901307982452831610787275979941			   0.0
339			   161			   Клавиатура			   133133688169362819419341682354326791750874517270785300499298099495818696			   0.0
340			   160			   Клавиатура			   215414832505658809004682396169711233230800418578767753330908886771798637			   0.0
341			   159			   Клавиатура			   348548520675021628424024078524038024981674935849553053830206986267617333			   0.0
342			   158			   Клавиатура			   563963353180680437428706474693749258212475354428320807161115873039415970			   0.0
343			   157			   Клавиатура			   912511873855702065852730553217787283194150290277873860991322859307033303			   0.0
344			   156			   Клавиатура			   1476475227036382503281437027911536541406625644706194668152438732346449273			   0.0
345			   155			   Клавиатура			   2388987100892084569134167581129323824600775934984068529143761591653482576			   0.0
346			   154			   Клавиатура			   3865462327928467072415604609040860366007401579690263197296200323999931849			   0.0
347			   153			   Клавиатура			   6254449428820551641549772190170184190608177514674331726439961915653414425			   0.0
348			   152			   Клавиатура			   10119911756749018713965376799211044556615579094364594923736162239653346274			   0.0
349			   151			   Клавиатура			   16374361185569570355515148989381228747223756609038926650176124155306760699			   0.0
350			   150			   Клавиатура			   26494272942318589069480525788592273303839335703403521573912286394960106973			   0.0
351			   149			   Клавиатура			   42868634127888159424995674777973502051063092312442448224088410550266867672			   0.0
352			   148			   Клавиатура			   69362907070206748494476200566565775354902428015845969798000696945226974645			   0.0
353			   147			   Клавиатура			   112231541198094907919471875344539277405965520328288418022089107495493842317			   0.0
354			   146			   Клавиатура			   181594448268301656413948075911105052760867948344134387820089804440720816962			   0.0
355			   145			   Клавиатура			   293825989466396564333419951255644330166833468672422805842178911936214659279			   0.0
356			   144			   Клавиатура			   475420437734698220747368027166749382927701417016557193662268716376935476241			   0.0
357			   143			   Клавиатура			   769246427201094785080787978422393713094534885688979999504447628313150135520			   0.0
358			   142			   Клавиатура			   1244666864935793005828156005589143096022236302705537193166716344690085611761			   0.0
359			   141			   Клавиатура			   2013913292136887790908943984011536809116771188394517192671163973003235747281			   0.0
360			   140			   Клавиатура			   3258580157072680796737099989600679905139007491100054385837880317693321359042			   0.0
361			   139			   Клавиатура			   5272493449209568587646043973612216714255778679494571578509044290696557106323			   0.0
362			   138			   Клавиатура			   8531073606282249384383143963212896619394786170594625964346924608389878465365			   0.0
363			   137			   Клавиатура			   13803567055491817972029187936825113333650564850089197542855968899086435571688			   0.0
364			   136			   Клавиатура			   22334640661774067356412331900038009953045351020683823507202893507476314037053			   0.0
365			   135			   Клавиатура			   36138207717265885328441519836863123286695915870773021050058862406562749608741			   0.0
366			   134			   Клавиатура			   58472848379039952684853851736901133239741266891456844557261755914039063645794			   0.0
367			   133			   Клавиатура			   94611056096305838013295371573764256526437182762229865607320618320601813254535			   0.0
368			   132			   Клавиатура			   153083904475345790698149223310665389766178449653686710164582374234640876900329			   0.0
369			   131			   Клавиатура			   247694960571651628711444594884429646292615632415916575771902992555242690154864			   0.0
370			   130			   Клавиатура			   400778865046997419409593818195095036058794082069603285936485366789883567055193			   0.0
371			   129			   Клавиатура			   648473825618649048121038413079524682351409714485519861708388359345126257210057			   0.0
372			   128			   Клавиатура			   1049252690665646467530632231274619718410203796555123147644873726135009824265250			   0.0
373			   127			   Клавиатура			   1697726516284295515651670644354144400761613511040643009353262085480136081475307			   0.0
374			   126			   Клавиатура			   2746979206949941983182302875628764119171817307595766156998135811615145905740557			   0.0
375			   125			   Клавиатура			   4444705723234237498833973519982908519933430818636409166351397897095281987215864			   0.0
376			   124			   Клавиатура			   7191684930184179482016276395611672639105248126232175323349533708710427892956421			   0.0
377			   123			   Клавиатура			   11636390653418416980850249915594581159038678944868584489700931605805709880172285			   0.0
378			   122			   Клавиатура			   18828075583602596462866526311206253798143927071100759813050465314516137773128706			   0.0
379			   121			   Клавиатура			   30464466237021013443716776226800834957182606015969344302751396920321847653300991			   0.0
380			   120			   Клавиатура			   49292541820623609906583302538007088755326533087070104115801862234837985426429697			   0.0
381			   119			   Клавиатура			   79757008057644623350300078764807923712509139103039448418553259155159833079730688			   0.0
382			   118			   Клавиатура			   129049549878268233256883381302815012467835672190109552534355121389997818506160385			   0.0
383			   117			   Клавиатура			   208806557935912856607183460067622936180344811293149000952908380545157651585891073			   0.0
384			   116			   Клавиатура			   337856107814181089864066841370437948648180483483258553487263501935155470092051458			   0.0
385			   115			   Клавиатура			   546662665750093946471250301438060884828525294776407554440171882480313121677942531			   0.0
386			   114			   Клавиатура			   884518773564275036335317142808498833476705778259666107927435384415468591769993989			   0.0
387			   113			   Клавиатура			   1431181439314368982806567444246559718305231073036073662367607266895781713447936520			   0.0
388			   112			   Клавиатура			   2315700212878644019141884587055058551781936851295739770295042651311250305217930509			   0.0
389			   111			   Клавиатура			   3746881652193013001948452031301618270087167924331813432662649918207032018665867029			   0.0
390			   110			   Клавиатура			   6062581865071657021090336618356676821869104775627553202957692569518282323883797538			   0.0
391			   109			   Клавиатура			   9809463517264670023038788649658295091956272699959366635620342487725314342549664567			   0.0
392			   108			   Клавиатура			   15872045382336327044129125268014971913825377475586919838578035057243596666433462105			   0.0
393			   107			   Клавиатура			   25681508899600997067167913917673267005781650175546286474198377544968911008983126672			   0.0
394			   106			   Клавиатура			   41553554281937324111297039185688238919607027651133206312776412602212507675416588777			   0.0
395			   105			   Клавиатура			   67235063181538321178464953103361505925388677826679492786974790147181418684399715449			   0.0
396			   104			   Клавиатура			   108788617463475645289761992289049744844995705477812699099751202749393926359816304226			   0.0
397			   103			   Клавиатура			   176023680645013966468226945392411250770384383304492191886725992896575345044216019675			   0.0
398			   102			   Клавиатура			   284812298108489611757988937681460995615380088782304890986477195645969271404032323901			   0.0
399			   101			   Клавиатура			   460835978753503578226215883073872246385764472086797082873203188542544616448248343576			   0.0
400			   100			   Клавиатура			   745648276861993189984204820755333242001144560869101973859680384188513887852280667477			   0.0
401			   99			   Клавиатура			   1206484255615496768210420703829205488386909032955899056732883572731058504300529011053			   0.0
402			   98			   Клавиатура			   1952132532477489958194625524584538730388053593825001030592563956919572392152809678530			   0.0
403			   97			   Клавиатура			   3158616788092986726405046228413744218774962626780900087325447529650630896453338689583			   0.0
404			   96			   Клавиатура			   5110749320570476684599671752998282949163016220605901117918011486570203288606148368113			   0.0
405			   95			   Клавиатура			   8269366108663463411004717981412027167937978847386801205243459016220834185059487057696			   0.0
406			   94			   Клавиатура			   13380115429233940095604389734410310117100995067992702323161470502791037473665635425809			   0.0
407			   93			   Клавиатура			   21649481537897403506609107715822337285038973915379503528404929519011871658725122483505			   0.0
408			   92			   Клавиатура			   35029596967131343602213497450232647402139968983372205851566400021802909132390757909314			   0.0
409			   91			   Клавиатура			   56679078505028747108822605166054984687178942898751709379971329540814780791115880392819			   0.0
410			   90			   Клавиатура			   91708675472160090711036102616287632089318911882123915231537729562617689923506638302133			   0.0
411			   89			   Клавиатура			   148387753977188837819858707782342616776497854780875624611509059103432470714622518694952			   0.0
412			   88			   Клавиатура			   240096429449348928530894810398630248865816766662999539843046788666050160638129156997085			   0.0
413			   87			   Клавиатура			   388484183426537766350753518180972865642314621443875164454555847769482631352751675692037			   0.0
414			   86			   Клавиатура			   628580612875886694881648328579603114508131388106874704297602636435532791990880832689122			   0.0
415			   85			   Клавиатура			   1017064796302424461232401846760575980150446009550749868752158484205015423343632508381159			   0.0
416			   84			   Клавиатура			   1645645409178311156114050175340179094658577397657624573049761120640548215334513341070281			   0.0
417			   83			   Клавиатура			   2662710205480735617346452022100755074809023407208374441801919604845563638678145849451440			   0.0
418			   82			   Клавиатура			   4308355614659046773460502197440934169467600804865999014851680725486111854012659190521721			   0.0
419			   81			   Клавиатура			   6971065820139782390806954219541689244276624212074373456653600330331675492690805039973161			   0.0
420			   80			   Клавиатура			   11279421434798829164267456416982623413744225016940372471505281055817787346703464230494882			   0.0
421			   79			   Клавиатура			   18250487254938611555074410636524312658020849229014745928158881386149462839394269270468043			   0.0
422			   78			   Клавиатура			   29529908689737440719341867053506936071765074245955118399664162441967250186097733500962925			   0.0
423			   77			   Клавиатура			   47780395944676052274416277690031248729785923474969864327823043828116713025492002771430968			   0.0
424			   76			   Клавиатура			   77310304634413492993758144743538184801550997720924982727487206270083963211589736272393893			   0.0
425			   75			   Клавиатура			   125090700579089545268174422433569433531336921195894847055310250098200676237081739043824861			   0.0
426			   74			   Клавиатура			   202401005213503038261932567177107618332887918916819829782797456368284639448671475316218754			   0.0
427			   73			   Клавиатура			   327491705792592583530106989610677051864224840112714676838107706466485315685753214360043615			   0.0
428			   72			   Клавиатура			   529892711006095621792039556787784670197112759029534506620905162834769955134424689676262369			   0.0
429			   71			   Клавиатура			   857384416798688205322146546398461722061337599142249183459012869301255270820177904036305984			   0.0
430			   70			   Клавиатура			   1387277127804783827114186103186246392258450358171783690079918032136025225954602593712568353			   0.0
431			   69			   Клавиатура			   2244661544603472032436332649584708114319787957314032873538930901437280496774780497748874337			   0.0
432			   68			   Клавиатура			   3631938672408255859550518752770954506578238315485816563618848933573305722729383091461442690			   0.0
433			   67			   Клавиатура			   5876600217011727891986851402355662620898026272799849437157779835010586219504163589210317027			   0.0
434			   66			   Клавиатура			   9508538889419983751537370155126617127476264588285666000776628768583891942233546680671759717			   0.0
435			   65			   Клавиатура			   15385139106431711643524221557482279748374290861085515437934408603594478161737710269882076744			   0.0
436			   64			   Клавиатура			   24893677995851695395061591712608896875850555449371181438711037372178370103971256950553836461			   0.0
437			   63			   Клавиатура			   40278817102283407038585813270091176624224846310456696876645445975772848265708967220435913205			   0.0
438			   62			   Клавиатура			   65172495098135102433647404982700073500075401759827878315356483347951218369680224170989749666			   0.0
439			   61			   Клавиатура			   105451312200418509472233218252791250124300248070284575192001929323724066635389191391425662871			   0.0
440			   60			   Клавиатура			   170623807298553611905880623235491323624375649830112453507358412671675285005069415562415412537			   0.0
441			   59			   Клавиатура			   276075119498972121378113841488282573748675897900397028699360341995399351640458606953841075408			   0.0
442			   58			   Клавиатура			   446698926797525733283994464723773897373051547730509482206718754667074636645528022516256487945			   0.0
443			   57			   Клавиатура			   722774046296497854662108306212056471121727445630906510906079096662473988285986629470097563353			   0.0
444			   56			   Клавиатура			   1169472973094023587946102770935830368494778993361415993112797851329548624931514651986354051298			   0.0
445			   55			   Клавиатура			   1892247019390521442608211077147886839616506438992322504018876947992022613217501281456451614651			   0.0
446			   54			   Клавиатура			   3061719992484545030554313848083717208111285432353738497131674799321571238149015933442805665949			   0.0
447			   53			   Клавиатура			   4953967011875066473162524925231604047727791871346061001150551747313593851366517214899257280600			   0.0
448			   52			   Клавиатура			   8015687004359611503716838773315321255839077303699799498282226546635165089515533148342062946549			   0.0
449			   51			   Клавиатура			   12969654016234677976879363698546925303566869175045860499432778293948758940882050363241320227149			   0.0
450			   50			   Клавиатура			   20985341020594289480596202471862246559405946478745659997715004840583924030397583511583383173698			   0.0
451			   49			   Клавиатура			   33954995036828967457475566170409171862972815653791520497147783134532682971279633874824703400847			   0.0
452			   48			   Клавиатура			   54940336057423256938071768642271418422378762132537180494862787975116607001677217386408086574545			   0.0
453			   47			   Клавиатура			   88895331094252224395547334812680590285351577786328700992010571109649289972956851261232789975392			   0.0
454			   46			   Клавиатура			   143835667151675481333619103454952008707730339918865881486873359084765896974634068647640876549937			   0.0
455			   45			   Клавиатура			   232730998245927705729166438267632598993081917705194582478883930194415186947590919908873666525329			   0.0
456			   44			   Клавиатура			   376566665397603187062785541722584607700812257624060463965757289279181083922224988556514543075266			   0.0
457			   43			   Клавиатура			   609297663643530892791951979990217206693894175329255046444641219473596270869815908465388209600595			   0.0
458			   42			   Клавиатура			   985864329041134079854737521712801814394706432953315510410398508752777354792040897021902752675861			   0.0
459			   41			   Клавиатура			   1595161992684664972646689501703019021088600608282570556855039728226373625661856805487290962276456			   0.0
460			   40			   Клавиатура			   2581026321725799052501427023415820835483307041235886067265438236979150980453897702509193714952317			   0.0
461			   39			   Клавиатура			   4176188314410464025148116525118839856571907649518456624120477965205524606115754507996484677228773			   0.0
462			   38			   Клавиатура			   6757214636136263077649543548534660692055214690754342691385916202184675586569652210505678392181090			   0.0
463			   37			   Клавиатура			   10933402950546727102797660073653500548627122340272799315506394167390200192685406718502163069409863			   0.0
464			   36			   Клавиатура			   17690617586682990180447203622188161240682337031027142006892310369574875779255058929007841461590953			   0.0
465			   35			   Клавиатура			   28624020537229717283244863695841661789309459371299941322398704536965075971940465647510004531000816			   0.0
466			   34			   Клавиатура			   46314638123912707463692067318029823029991796402327083329291014906539951751195524576517845992591769			   0.0
467			   33			   Клавиатура			   74938658661142424746936931013871484819301255773627024651689719443505027723135990224027850523592585			   0.0
468			   32			   Клавиатура			   121253296785055132210628998331901307849293052175954107980980734350044979474331514800545696516184354			   0.0
469			   31			   Клавиатура			   196191955446197556957565929345772792668594307949581132632670453793550007197467505024573547039776939			   0.0
470			   30			   Клавиатура			   317445252231252689168194927677674100517887360125535240613651188143594986671799019825119243555961293			   0.0
471			   29			   Клавиатура			   513637207677450246125760857023446893186481668075116373246321641937144993869266524849692790595738232			   0.0
472			   28			   Клавиатура			   831082459908702935293955784701120993704369028200651613859972830080739980541065544674812034151699525			   0.0
473			   27			   Клавиатура			   1344719667586153181419716641724567886890850696275767987106294472017884974410332069524504824747437757			   0.0
474			   26			   Клавиатура			   2175802127494856116713672426425688880595219724476419600966267302098624954951397614199316858899137282			   0.0
475			   25			   Клавиатура			   3520521795081009298133389068150256767486070420752187588072561774116509929361729683723821683646575039			   0.0
476			   24			   Клавиатура			   5696323922575865414847061494575945648081290145228607189038829076215134884313127297923138542545712321			   0.0
477			   23			   Клавиатура			   9216845717656874712980450562726202415567360565980794777111390850331644813674856981646960226192287360			   0.0
478			   22			   Клавиатура			   14913169640232740127827512057302148063648650711209401966150219926546779697987984279570098768737999681			   0.0
479			   21			   Клавиатура			   24130015357889614840807962620028350479216011277190196743261610776878424511662841261217058994930287041			   0.0
480			   20			   Клавиатура			   39043184998122354968635474677330498542864661988399598709411830703425204209650825540787157763668286722			   0.0
481			   19			   Клавиатура			   63173200356011969809443437297358849022080673265589795452673441480303628721313666802004216758598573763			   0.0
482			   18			   Клавиатура			   102216385354134324778078911974689347564945335253989394162085272183728832930964492342791374522266860485			   0.0
483			   17			   Клавиатура			   165389585710146294587522349272048196587026008519579189614758713664032461652278159144795591280865434248			   0.0
484			   16			   Клавиатура			   267605971064280619365601261246737544151971343773568583776843985847761294583242651487586965803132294733			   0.0
485			   15			   Клавиатура			   432995556774426913953123610518785740738997352293147773391602699511793756235520810632382557083997728981			   0.0
486			   14			   Клавиатура			   700601527838707533318724871765523284890968696066716357168446685359555050818763462119969522887130023714			   0.0
487			   13			   Клавиатура			   1133597084613134447271848482284309025629966048359864130560049384871348807054284272752352079971127752695			   0.0
488			   12			   Клавиатура			   1834198612451841980590573354049832310520934744426580487728496070230903857873047734872321602858257776409			   0.0
489			   11			   Клавиатура			   2967795697064976427862421836334141336150900792786444618288545455102252664927332007624673682829385529104			   0.0
490			   10			   Клавиатура			   4801994309516818408452995190383973646671835537213025106017041525333156522800379742496995285687643305513			   0.0
491			   9			   Клавиатура			   7769790006581794836315417026718114982822736329999469724305586980435409187727711750121668968517028834617			   0.0
492			   8			   Клавиатура			   12571784316098613244768412217102088629494571867212494830322628505768565710528091492618664254204672140130			   0.0
493			   7			   Клавиатура			   20341574322680408081083829243820203612317308197211964554628215486203974898255803242740333222721700974747			   0.0
494			   6			   Клавиатура			   32913358638779021325852241460922292241811880064424459384950843991972540608783894735358997476926373114877			   0.0
495			   5			   Клавиатура			   53254932961459429406936070704742495854129188261636423939579059478176515507039697978099330699648074089624			   0.0
496			   4			   Клавиатура			   86168291600238450732788312165664788095941068326060883324529903470149056115823592713458328176574447204501			   0.0
497			   3			   Клавиатура			   139423224561697880139724382870407283950070256587697307264108962948325571622863290691557658876222521294125			   0.0
498			   2			   Клавиатура			   225591516161936330872512695036072072046011324913758190588638866418474627738686883405015987052796968498626			   0.0
499			   1			   Клавиатура			   365014740723634211012237077906479355996081581501455497852747829366800199361550174096573645929019489792751			   0.0